[]STIAs
[[1, 1]]STAs
[[1, 2]]TIAs
[[1, 1], [1, 2]]TAs
[[1, 3]]TIAs
[[1, 1], [1, 3]]TAs
[[1, 2], [1, 3]]TIAs
[[1, 1], [1, 2], [1, 3]]TAs
[[2, 1]]TIAs
[[1, 1], [2, 1]]TAs
[[1, 2], [2, 1]]SI
[[1, 1], [1, 2], [2, 1]]S
[[1, 3], [2, 1]]IAs
[[1, 1], [1, 3], [2, 1]]As
[[1, 2], [1, 3], [2, 1]]I
[[1, 1], [1, 2], [1, 3], [2, 1]]
[[2, 2]]STAs
[[1, 1], [2, 2]]STAs
[[1, 2], [2, 2]]TAs
[[1, 1], [1, 2], [2, 2]]TAs
[[1, 3], [2, 2]]TAs
[[1, 1], [1, 3], [2, 2]]TAs
[[1, 2], [1, 3], [2, 2]]TAs
[[1, 1], [1, 2], [1, 3], [2, 2]]TAs
[[2, 1], [2, 2]]TAs
[[1, 1], [2, 1], [2, 2]]TAs
[[1, 2], [2, 1], [2, 2]]S
[[1, 1], [1, 2], [2, 1], [2, 2]]ST
[[1, 3], [2, 1], [2, 2]]As
[[1, 1], [1, 3], [2, 1], [2, 2]]As
[[1, 2], [1, 3], [2, 1], [2, 2]]
[[1, 1], [1, 2], [1, 3], [2, 1], [2, 2]]
[[2, 3]]TIAs
[[1, 1], [2, 3]]TAs
[[1, 2], [2, 3]]IAs
[[1, 1], [1, 2], [2, 3]]As
[[1, 3], [2, 3]]TIAs
[[1, 1], [1, 3], [2, 3]]TAs
[[1, 2], [1, 3], [2, 3]]TIAs
[[1, 1], [1, 2], [1, 3], [2, 3]]TAs
[[2, 1], [2, 3]]TIAs
[[1, 1], [2, 1], [2, 3]]TAs
[[1, 2], [2, 1], [2, 3]]I
[[1, 1], [1, 2], [2, 1], [2, 3]]
[[1, 3], [2, 1], [2, 3]]TIAs
[[1, 1], [1, 3], [2, 1], [2, 3]]TAs
[[1, 2], [1, 3], [2, 1], [2, 3]]I
[[1, 1], [1, 2], [1, 3], [2, 1], [2, 3]]
[[2, 2], [2, 3]]TAs
[[1, 1], [2, 2], [2, 3]]TAs
[[1, 2], [2, 2], [2, 3]]As
[[1, 1], [1, 2], [2, 2], [2, 3]]As
[[1, 3], [2, 2], [2, 3]]TAs
[[1, 1], [1, 3], [2, 2], [2, 3]]TAs
[[1, 2], [1, 3], [2, 2], [2, 3]]TAs
[[1, 1], [1, 2], [1, 3], [2, 2], [2, 3]]TAs
[[2, 1], [2, 2], [2, 3]]TAs
[[1, 1], [2, 1], [2, 2], [2, 3]]TAs
[[1, 2], [2, 1], [2, 2], [2, 3]]
[[1, 1], [1, 2], [2, 1], [2, 2], [2, 3]]
[[1, 3], [2, 1], [2, 2], [2, 3]]TAs
[[1, 1], [1, 3], [2, 1], [2, 2], [2, 3]]TAs
[[1, 2], [1, 3], [2, 1], [2, 2], [2, 3]]
[[1, 1], [1, 2], [1, 3], [2, 1], [2, 2], [2, 3]]T
[[3, 1]]TIAs
[[1, 1], [3, 1]]TAs
[[1, 2], [3, 1]]IAs
[[1, 1], [1, 2], [3, 1]]As
[[1, 3], [3, 1]]SI
[[1, 1], [1, 3], [3, 1]]S
[[1, 2], [1, 3], [3, 1]]I
[[1, 1], [1, 2], [1, 3], [3, 1]]
[[2, 1], [3, 1]]TIAs
[[1, 1], [2, 1], [3, 1]]TAsFu
[[1, 2], [2, 1], [3, 1]]IFu
[[1, 1], [1, 2], [2, 1], [3, 1]]
[[1, 3], [2, 1], [3, 1]]IFu
[[1, 1], [1, 3], [2, 1], [3, 1]]
[[1, 2], [1, 3], [2, 1], [3, 1]]SI
[[1, 1], [1, 2], [1, 3], [2, 1], [3, 1]]S
[[2, 2], [3, 1]]TAs
[[1, 1], [2, 2], [3, 1]]TAsFu
[[1, 2], [2, 2], [3, 1]]AsFu
[[1, 1], [1, 2], [2, 2], [3, 1]]As
[[1, 3], [2, 2], [3, 1]]SFuFbFiFs
[[1, 1], [1, 3], [2, 2], [3, 1]]S
[[1, 2], [1, 3], [2, 2], [3, 1]]
[[1, 1], [1, 2], [1, 3], [2, 2], [3, 1]]
[[2, 1], [2, 2], [3, 1]]TAs
[[1, 1], [2, 1], [2, 2], [3, 1]]TAs
[[1, 2], [2, 1], [2, 2], [3, 1]]
[[1, 1], [1, 2], [2, 1], [2, 2], [3, 1]]
[[1, 3], [2, 1], [2, 2], [3, 1]]
[[1, 1], [1, 3], [2, 1], [2, 2], [3, 1]]
[[1, 2], [1, 3], [2, 1], [2, 2], [3, 1]]S
[[1, 1], [1, 2], [1, 3], [2, 1], [2, 2], [3, 1]]S
[[2, 3], [3, 1]]IAs
[[1, 1], [2, 3], [3, 1]]AsFu
[[1, 2], [2, 3], [3, 1]]IAsFuFbFiFs
[[1, 1], [1, 2], [2, 3], [3, 1]]As
[[1, 3], [2, 3], [3, 1]]IFu
[[1, 1], [1, 3], [2, 3], [3, 1]]
[[1, 2], [1, 3], [2, 3], [3, 1]]I
[[1, 1], [1, 2], [1, 3], [2, 3], [3, 1]]
[[2, 1], [2, 3], [3, 1]]TIAs
[[1, 1], [2, 1], [2, 3], [3, 1]]TAs
[[1, 2], [2, 1], [2, 3], [3, 1]]I
[[1, 1], [1, 2], [2, 1], [2, 3], [3, 1]]
[[1, 3], [2, 1], [2, 3], [3, 1]]I
[[1, 1], [1, 3], [2, 1], [2, 3], [3, 1]]
[[1, 2], [1, 3], [2, 1], [2, 3], [3, 1]]I
[[1, 1], [1, 2], [1, 3], [2, 1], [2, 3], [3, 1]]
[[2, 2], [2, 3], [3, 1]]As
[[1, 1], [2, 2], [2, 3], [3, 1]]As
[[1, 2], [2, 2], [2, 3], [3, 1]]As
[[1, 1], [1, 2], [2, 2], [2, 3], [3, 1]]As
[[1, 3], [2, 2], [2, 3], [3, 1]]
[[1, 1], [1, 3], [2, 2], [2, 3], [3, 1]]
[[1, 2], [1, 3], [2, 2], [2, 3], [3, 1]]
[[1, 1], [1, 2], [1, 3], [2, 2], [2, 3], [3, 1]]
[[2, 1], [2, 2], [2, 3], [3, 1]]TAs
[[1, 1], [2, 1], [2, 2], [2, 3], [3, 1]]TAs
[[1, 2], [2, 1], [2, 2], [2, 3], [3, 1]]
[[1, 1], [1, 2], [2, 1], [2, 2], [2, 3], [3, 1]]
[[1, 3], [2, 1], [2, 2], [2, 3], [3, 1]]
[[1, 1], [1, 3], [2, 1], [2, 2], [2, 3], [3, 1]]
[[1, 2], [1, 3], [2, 1], [2, 2], [2, 3], [3, 1]]
[[1, 1], [1, 2], [1, 3], [2, 1], [2, 2], [2, 3], [3, 1]]
[[3, 2]]TIAs
[[1, 1], [3, 2]]TAs
[[1, 2], [3, 2]]TIAs
[[1, 1], [1, 2], [3, 2]]TAs
[[1, 3], [3, 2]]IAs
[[1, 1], [1, 3], [3, 2]]As
[[1, 2], [1, 3], [3, 2]]TIAs
[[1, 1], [1, 2], [1, 3], [3, 2]]TAs
[[2, 1], [3, 2]]IAs
[[1, 1], [2, 1], [3, 2]]AsFu
[[1, 2], [2, 1], [3, 2]]IFu
[[1, 1], [1, 2], [2, 1], [3, 2]]
[[1, 3], [2, 1], [3, 2]]IAsFuFbFiFs
[[1, 1], [1, 3], [2, 1], [3, 2]]As
[[1, 2], [1, 3], [2, 1], [3, 2]]I
[[1, 1], [1, 2], [1, 3], [2, 1], [3, 2]]
[[2, 2], [3, 2]]TAs
[[1, 1], [2, 2], [3, 2]]TAsFu
[[1, 2], [2, 2], [3, 2]]TAsFu
[[1, 1], [1, 2], [2, 2], [3, 2]]TAs
[[1, 3], [2, 2], [3, 2]]AsFu
[[1, 1], [1, 3], [2, 2], [3, 2]]As
[[1, 2], [1, 3], [2, 2], [3, 2]]TAs
[[1, 1], [1, 2], [1, 3], [2, 2], [3, 2]]TAs
[[2, 1], [2, 2], [3, 2]]As
[[1, 1], [2, 1], [2, 2], [3, 2]]As
[[1, 2], [2, 1], [2, 2], [3, 2]]
[[1, 1], [1, 2], [2, 1], [2, 2], [3, 2]]
[[1, 3], [2, 1], [2, 2], [3, 2]]As
[[1, 1], [1, 3], [2, 1], [2, 2], [3, 2]]As
[[1, 2], [1, 3], [2, 1], [2, 2], [3, 2]]
[[1, 1], [1, 2], [1, 3], [2, 1], [2, 2], [3, 2]]
[[2, 3], [3, 2]]SI
[[1, 1], [2, 3], [3, 2]]SFuFbFiFs
[[1, 2], [2, 3], [3, 2]]IFu
[[1, 1], [1, 2], [2, 3], [3, 2]]
[[1, 3], [2, 3], [3, 2]]IFu
[[1, 1], [1, 3], [2, 3], [3, 2]]
[[1, 2], [1, 3], [2, 3], [3, 2]]I
[[1, 1], [1, 2], [1, 3], [2, 3], [3, 2]]
[[2, 1], [2, 3], [3, 2]]I
[[1, 1], [2, 1], [2, 3], [3, 2]]
[[1, 2], [2, 1], [2, 3], [3, 2]]SI
[[1, 1], [1, 2], [2, 1], [2, 3], [3, 2]]S
[[1, 3], [2, 1], [2, 3], [3, 2]]I
[[1, 1], [1, 3], [2, 1], [2, 3], [3, 2]]
[[1, 2], [1, 3], [2, 1], [2, 3], [3, 2]]I
[[1, 1], [1, 2], [1, 3], [2, 1], [2, 3], [3, 2]]
[[2, 2], [2, 3], [3, 2]]S
[[1, 1], [2, 2], [2, 3], [3, 2]]S
[[1, 2], [2, 2], [2, 3], [3, 2]]
[[1, 1], [1, 2], [2, 2], [2, 3], [3, 2]]
[[1, 3], [2, 2], [2, 3], [3, 2]]
[[1, 1], [1, 3], [2, 2], [2, 3], [3, 2]]
[[1, 2], [1, 3], [2, 2], [2, 3], [3, 2]]
[[1, 1], [1, 2], [1, 3], [2, 2], [2, 3], [3, 2]]
[[2, 1], [2, 2], [2, 3], [3, 2]]
[[1, 1], [2, 1], [2, 2], [2, 3], [3, 2]]
[[1, 2], [2, 1], [2, 2], [2, 3], [3, 2]]S
[[1, 1], [1, 2], [2, 1], [2, 2], [2, 3], [3, 2]]S
[[1, 3], [2, 1], [2, 2], [2, 3], [3, 2]]
[[1, 1], [1, 3], [2, 1], [2, 2], [2, 3], [3, 2]]
[[1, 2], [1, 3], [2, 1], [2, 2], [2, 3], [3, 2]]
[[1, 1], [1, 2], [1, 3], [2, 1], [2, 2], [2, 3], [3, 2]]
[[3, 1], [3, 2]]TIAs
[[1, 1], [3, 1], [3, 2]]TAs
[[1, 2], [3, 1], [3, 2]]TIAs
[[1, 1], [1, 2], [3, 1], [3, 2]]TAs
[[1, 3], [3, 1], [3, 2]]I
[[1, 1], [1, 3], [3, 1], [3, 2]]
[[1, 2], [1, 3], [3, 1], [3, 2]]I
[[1, 1], [1, 2], [1, 3], [3, 1], [3, 2]]
[[2, 1], [3, 1], [3, 2]]TIAs
[[1, 1], [2, 1], [3, 1], [3, 2]]TAs
[[1, 2], [2, 1], [3, 1], [3, 2]]I
[[1, 1], [1, 2], [2, 1], [3, 1], [3, 2]]
[[1, 3], [2, 1], [3, 1], [3, 2]]I
[[1, 1], [1, 3], [2, 1], [3, 1], [3, 2]]
[[1, 2], [1, 3], [2, 1], [3, 1], [3, 2]]I
[[1, 1], [1, 2], [1, 3], [2, 1], [3, 1], [3, 2]]
[[2, 2], [3, 1], [3, 2]]TAs
[[1, 1], [2, 2], [3, 1], [3, 2]]TAs
[[1, 2], [2, 2], [3, 1], [3, 2]]TAs
[[1, 1], [1, 2], [2, 2], [3, 1], [3, 2]]TAs
[[1, 3], [2, 2], [3, 1], [3, 2]]
[[1, 1], [1, 3], [2, 2], [3, 1], [3, 2]]
[[1, 2], [1, 3], [2, 2], [3, 1], [3, 2]]
[[1, 1], [1, 2], [1, 3], [2, 2], [3, 1], [3, 2]]
[[2, 1], [2, 2], [3, 1], [3, 2]]TAs
[[1, 1], [2, 1], [2, 2], [3, 1], [3, 2]]TAs
[[1, 2], [2, 1], [2, 2], [3, 1], [3, 2]]
[[1, 1], [1, 2], [2, 1], [2, 2], [3, 1], [3, 2]]T
[[1, 3], [2, 1], [2, 2], [3, 1], [3, 2]]
[[1, 1], [1, 3], [2, 1], [2, 2], [3, 1], [3, 2]]
[[1, 2], [1, 3], [2, 1], [2, 2], [3, 1], [3, 2]]
[[1, 1], [1, 2], [1, 3], [2, 1], [2, 2], [3, 1], [3, 2]]
[[2, 3], [3, 1], [3, 2]]I
[[1, 1], [2, 3], [3, 1], [3, 2]]
[[1, 2], [2, 3], [3, 1], [3, 2]]I
[[1, 1], [1, 2], [2, 3], [3, 1], [3, 2]]
[[1, 3], [2, 3], [3, 1], [3, 2]]SI
[[1, 1], [1, 3], [2, 3], [3, 1], [3, 2]]S
[[1, 2], [1, 3], [2, 3], [3, 1], [3, 2]]I
[[1, 1], [1, 2], [1, 3], [2, 3], [3, 1], [3, 2]]
[[2, 1], [2, 3], [3, 1], [3, 2]]I
[[1, 1], [2, 1], [2, 3], [3, 1], [3, 2]]
[[1, 2], [2, 1], [2, 3], [3, 1], [3, 2]]I
[[1, 1], [1, 2], [2, 1], [2, 3], [3, 1], [3, 2]]
[[1, 3], [2, 1], [2, 3], [3, 1], [3, 2]]I
[[1, 1], [1, 3], [2, 1], [2, 3], [3, 1], [3, 2]]
[[1, 2], [1, 3], [2, 1], [2, 3], [3, 1], [3, 2]]SI
[[1, 1], [1, 2], [1, 3], [2, 1], [2, 3], [3, 1], [3, 2]]S
[[2, 2], [2, 3], [3, 1], [3, 2]]
[[1, 1], [2, 2], [2, 3], [3, 1], [3, 2]]
[[1, 2], [2, 2], [2, 3], [3, 1], [3, 2]]
[[1, 1], [1, 2], [2, 2], [2, 3], [3, 1], [3, 2]]
[[1, 3], [2, 2], [2, 3], [3, 1], [3, 2]]S
[[1, 1], [1, 3], [2, 2], [2, 3], [3, 1], [3, 2]]S
[[1, 2], [1, 3], [2, 2], [2, 3], [3, 1], [3, 2]]
[[1, 1], [1, 2], [1, 3], [2, 2], [2, 3], [3, 1], [3, 2]]
[[2, 1], [2, 2], [2, 3], [3, 1], [3, 2]]
[[1, 1], [2, 1], [2, 2], [2, 3], [3, 1], [3, 2]]
[[1, 2], [2, 1], [2, 2], [2, 3], [3, 1], [3, 2]]
[[1, 1], [1, 2], [2, 1], [2, 2], [2, 3], [3, 1], [3, 2]]
[[1, 3], [2, 1], [2, 2], [2, 3], [3, 1], [3, 2]]
[[1, 1], [1, 3], [2, 1], [2, 2], [2, 3], [3, 1], [3, 2]]
[[1, 2], [1, 3], [2, 1], [2, 2], [2, 3], [3, 1], [3, 2]]S
[[1, 1], [1, 2], [1, 3], [2, 1], [2, 2], [2, 3], [3, 1], [3, 2]]S
[[3, 3]]STAs
[[1, 1], [3, 3]]STAs
[[1, 2], [3, 3]]TAs
[[1, 1], [1, 2], [3, 3]]TAs
[[1, 3], [3, 3]]TAs
[[1, 1], [1, 3], [3, 3]]TAs
[[1, 2], [1, 3], [3, 3]]TAs
[[1, 1], [1, 2], [1, 3], [3, 3]]TAs
[[2, 1], [3, 3]]TAs
[[1, 1], [2, 1], [3, 3]]TAsFu
[[1, 2], [2, 1], [3, 3]]SFuFbFiFs
[[1, 1], [1, 2], [2, 1], [3, 3]]S
[[1, 3], [2, 1], [3, 3]]AsFu
[[1, 1], [1, 3], [2, 1], [3, 3]]As
[[1, 2], [1, 3], [2, 1], [3, 3]]
[[1, 1], [1, 2], [1, 3], [2, 1], [3, 3]]
[[2, 2], [3, 3]]STAs
[[1, 1], [2, 2], [3, 3]]RSTAsEFuFbFiFs
[[1, 2], [2, 2], [3, 3]]TAsFu
[[1, 1], [1, 2], [2, 2], [3, 3]]RTAs
[[1, 3], [2, 2], [3, 3]]TAsFu
[[1, 1], [1, 3], [2, 2], [3, 3]]RTAs
[[1, 2], [1, 3], [2, 2], [3, 3]]TAs
[[1, 1], [1, 2], [1, 3], [2, 2], [3, 3]]RTAs
[[2, 1], [2, 2], [3, 3]]TAs
[[1, 1], [2, 1], [2, 2], [3, 3]]RTAs
[[1, 2], [2, 1], [2, 2], [3, 3]]S
[[1, 1], [1, 2], [2, 1], [2, 2], [3, 3]]RSTE
[[1, 3], [2, 1], [2, 2], [3, 3]]As
[[1, 1], [1, 3], [2, 1], [2, 2], [3, 3]]RAs
[[1, 2], [1, 3], [2, 1], [2, 2], [3, 3]]
[[1, 1], [1, 2], [1, 3], [2, 1], [2, 2], [3, 3]]R
[[2, 3], [3, 3]]TAs
[[1, 1], [2, 3], [3, 3]]TAsFu
[[1, 2], [2, 3], [3, 3]]AsFu
[[1, 1], [1, 2], [2, 3], [3, 3]]As
[[1, 3], [2, 3], [3, 3]]TAsFu
[[1, 1], [1, 3], [2, 3], [3, 3]]TAs
[[1, 2], [1, 3], [2, 3], [3, 3]]TAs
[[1, 1], [1, 2], [1, 3], [2, 3], [3, 3]]TAs
[[2, 1], [2, 3], [3, 3]]TAs
[[1, 1], [2, 1], [2, 3], [3, 3]]TAs
[[1, 2], [2, 1], [2, 3], [3, 3]]
[[1, 1], [1, 2], [2, 1], [2, 3], [3, 3]]
[[1, 3], [2, 1], [2, 3], [3, 3]]TAs
[[1, 1], [1, 3], [2, 1], [2, 3], [3, 3]]TAs
[[1, 2], [1, 3], [2, 1], [2, 3], [3, 3]]
[[1, 1], [1, 2], [1, 3], [2, 1], [2, 3], [3, 3]]
[[2, 2], [2, 3], [3, 3]]TAs
[[1, 1], [2, 2], [2, 3], [3, 3]]RTAs
[[1, 2], [2, 2], [2, 3], [3, 3]]As
[[1, 1], [1, 2], [2, 2], [2, 3], [3, 3]]RAs
[[1, 3], [2, 2], [2, 3], [3, 3]]TAs
[[1, 1], [1, 3], [2, 2], [2, 3], [3, 3]]RTAs
[[1, 2], [1, 3], [2, 2], [2, 3], [3, 3]]TAs
[[1, 1], [1, 2], [1, 3], [2, 2], [2, 3], [3, 3]]RTAs
[[2, 1], [2, 2], [2, 3], [3, 3]]TAs
[[1, 1], [2, 1], [2, 2], [2, 3], [3, 3]]RTAs
[[1, 2], [2, 1], [2, 2], [2, 3], [3, 3]]
[[1, 1], [1, 2], [2, 1], [2, 2], [2, 3], [3, 3]]R
[[1, 3], [2, 1], [2, 2], [2, 3], [3, 3]]TAs
[[1, 1], [1, 3], [2, 1], [2, 2], [2, 3], [3, 3]]RTAs
[[1, 2], [1, 3], [2, 1], [2, 2], [2, 3], [3, 3]]
[[1, 1], [1, 2], [1, 3], [2, 1], [2, 2], [2, 3], [3, 3]]RT
[[3, 1], [3, 3]]TAs
[[1, 1], [3, 1], [3, 3]]TAs
[[1, 2], [3, 1], [3, 3]]As
[[1, 1], [1, 2], [3, 1], [3, 3]]As
[[1, 3], [3, 1], [3, 3]]S
[[1, 1], [1, 3], [3, 1], [3, 3]]ST
[[1, 2], [1, 3], [3, 1], [3, 3]]
[[1, 1], [1, 2], [1, 3], [3, 1], [3, 3]]
[[2, 1], [3, 1], [3, 3]]TAs
[[1, 1], [2, 1], [3, 1], [3, 3]]TAs
[[1, 2], [2, 1], [3, 1], [3, 3]]
[[1, 1], [1, 2], [2, 1], [3, 1], [3, 3]]
[[1, 3], [2, 1], [3, 1], [3, 3]]
[[1, 1], [1, 3], [2, 1], [3, 1], [3, 3]]
[[1, 2], [1, 3], [2, 1], [3, 1], [3, 3]]S
[[1, 1], [1, 2], [1, 3], [2, 1], [3, 1], [3, 3]]S
[[2, 2], [3, 1], [3, 3]]TAs
[[1, 1], [2, 2], [3, 1], [3, 3]]RTAs
[[1, 2], [2, 2], [3, 1], [3, 3]]As
[[1, 1], [1, 2], [2, 2], [3, 1], [3, 3]]RAs
[[1, 3], [2, 2], [3, 1], [3, 3]]S
[[1, 1], [1, 3], [2, 2], [3, 1], [3, 3]]RSTE
[[1, 2], [1, 3], [2, 2], [3, 1], [3, 3]]
[[1, 1], [1, 2], [1, 3], [2, 2], [3, 1], [3, 3]]R
[[2, 1], [2, 2], [3, 1], [3, 3]]TAs
[[1, 1], [2, 1], [2, 2], [3, 1], [3, 3]]RTAs
[[1, 2], [2, 1], [2, 2], [3, 1], [3, 3]]
[[1, 1], [1, 2], [2, 1], [2, 2], [3, 1], [3, 3]]R
[[1, 3], [2, 1], [2, 2], [3, 1], [3, 3]]
[[1, 1], [1, 3], [2, 1], [2, 2], [3, 1], [3, 3]]R
[[1, 2], [1, 3], [2, 1], [2, 2], [3, 1], [3, 3]]S
[[1, 1], [1, 2], [1, 3], [2, 1], [2, 2], [3, 1], [3, 3]]RS
[[2, 3], [3, 1], [3, 3]]As
[[1, 1], [2, 3], [3, 1], [3, 3]]As
[[1, 2], [2, 3], [3, 1], [3, 3]]As
[[1, 1], [1, 2], [2, 3], [3, 1], [3, 3]]As
[[1, 3], [2, 3], [3, 1], [3, 3]]
[[1, 1], [1, 3], [2, 3], [3, 1], [3, 3]]
[[1, 2], [1, 3], [2, 3], [3, 1], [3, 3]]
[[1, 1], [1, 2], [1, 3], [2, 3], [3, 1], [3, 3]]
[[2, 1], [2, 3], [3, 1], [3, 3]]TAs
[[1, 1], [2, 1], [2, 3], [3, 1], [3, 3]]TAs
[[1, 2], [2, 1], [2, 3], [3, 1], [3, 3]]
[[1, 1], [1, 2], [2, 1], [2, 3], [3, 1], [3, 3]]
[[1, 3], [2, 1], [2, 3], [3, 1], [3, 3]]
[[1, 1], [1, 3], [2, 1], [2, 3], [3, 1], [3, 3]]T
[[1, 2], [1, 3], [2, 1], [2, 3], [3, 1], [3, 3]]
[[1, 1], [1, 2], [1, 3], [2, 1], [2, 3], [3, 1], [3, 3]]
[[2, 2], [2, 3], [3, 1], [3, 3]]As
[[1, 1], [2, 2], [2, 3], [3, 1], [3, 3]]RAs
[[1, 2], [2, 2], [2, 3], [3, 1], [3, 3]]As
[[1, 1], [1, 2], [2, 2], [2, 3], [3, 1], [3, 3]]RAs
[[1, 3], [2, 2], [2, 3], [3, 1], [3, 3]]
[[1, 1], [1, 3], [2, 2], [2, 3], [3, 1], [3, 3]]R
[[1, 2], [1, 3], [2, 2], [2, 3], [3, 1], [3, 3]]
[[1, 1], [1, 2], [1, 3], [2, 2], [2, 3], [3, 1], [3, 3]]R
[[2, 1], [2, 2], [2, 3], [3, 1], [3, 3]]TAs
[[1, 1], [2, 1], [2, 2], [2, 3], [3, 1], [3, 3]]RTAs
[[1, 2], [2, 1], [2, 2], [2, 3], [3, 1], [3, 3]]
[[1, 1], [1, 2], [2, 1], [2, 2], [2, 3], [3, 1], [3, 3]]R
[[1, 3], [2, 1], [2, 2], [2, 3], [3, 1], [3, 3]]
[[1, 1], [1, 3], [2, 1], [2, 2], [2, 3], [3, 1], [3, 3]]RT
[[1, 2], [1, 3], [2, 1], [2, 2], [2, 3], [3, 1], [3, 3]]
[[1, 1], [1, 2], [1, 3], [2, 1], [2, 2], [2, 3], [3, 1], [3, 3]]R
[[3, 2], [3, 3]]TAs
[[1, 1], [3, 2], [3, 3]]TAs
[[1, 2], [3, 2], [3, 3]]TAs
[[1, 1], [1, 2], [3, 2], [3, 3]]TAs
[[1, 3], [3, 2], [3, 3]]As
[[1, 1], [1, 3], [3, 2], [3, 3]]As
[[1, 2], [1, 3], [3, 2], [3, 3]]TAs
[[1, 1], [1, 2], [1, 3], [3, 2], [3, 3]]TAs
[[2, 1], [3, 2], [3, 3]]As
[[1, 1], [2, 1], [3, 2], [3, 3]]As
[[1, 2], [2, 1], [3, 2], [3, 3]]
[[1, 1], [1, 2], [2, 1], [3, 2], [3, 3]]
[[1, 3], [2, 1], [3, 2], [3, 3]]As
[[1, 1], [1, 3], [2, 1], [3, 2], [3, 3]]As
[[1, 2], [1, 3], [2, 1], [3, 2], [3, 3]]
[[1, 1], [1, 2], [1, 3], [2, 1], [3, 2], [3, 3]]
[[2, 2], [3, 2], [3, 3]]TAs
[[1, 1], [2, 2], [3, 2], [3, 3]]RTAs
[[1, 2], [2, 2], [3, 2], [3, 3]]TAs
[[1, 1], [1, 2], [2, 2], [3, 2], [3, 3]]RTAs
[[1, 3], [2, 2], [3, 2], [3, 3]]As
[[1, 1], [1, 3], [2, 2], [3, 2], [3, 3]]RAs
[[1, 2], [1, 3], [2, 2], [3, 2], [3, 3]]TAs
[[1, 1], [1, 2], [1, 3], [2, 2], [3, 2], [3, 3]]RTAs
[[2, 1], [2, 2], [3, 2], [3, 3]]As
[[1, 1], [2, 1], [2, 2], [3, 2], [3, 3]]RAs
[[1, 2], [2, 1], [2, 2], [3, 2], [3, 3]]
[[1, 1], [1, 2], [2, 1], [2, 2], [3, 2], [3, 3]]R
[[1, 3], [2, 1], [2, 2], [3, 2], [3, 3]]As
[[1, 1], [1, 3], [2, 1], [2, 2], [3, 2], [3, 3]]RAs
[[1, 2], [1, 3], [2, 1], [2, 2], [3, 2], [3, 3]]
[[1, 1], [1, 2], [1, 3], [2, 1], [2, 2], [3, 2], [3, 3]]R
[[2, 3], [3, 2], [3, 3]]S
[[1, 1], [2, 3], [3, 2], [3, 3]]S
[[1, 2], [2, 3], [3, 2], [3, 3]]
[[1, 1], [1, 2], [2, 3], [3, 2], [3, 3]]
[[1, 3], [2, 3], [3, 2], [3, 3]]
[[1, 1], [1, 3], [2, 3], [3, 2], [3, 3]]
[[1, 2], [1, 3], [2, 3], [3, 2], [3, 3]]
[[1, 1], [1, 2], [1, 3], [2, 3], [3, 2], [3, 3]]
[[2, 1], [2, 3], [3, 2], [3, 3]]
[[1, 1], [2, 1], [2, 3], [3, 2], [3, 3]]
[[1, 2], [2, 1], [2, 3], [3, 2], [3, 3]]S
[[1, 1], [1, 2], [2, 1], [2, 3], [3, 2], [3, 3]]S
[[1, 3], [2, 1], [2, 3], [3, 2], [3, 3]]
[[1, 1], [1, 3], [2, 1], [2, 3], [3, 2], [3, 3]]
[[1, 2], [1, 3], [2, 1], [2, 3], [3, 2], [3, 3]]
[[1, 1], [1, 2], [1, 3], [2, 1], [2, 3], [3, 2], [3, 3]]
[[2, 2], [2, 3], [3, 2], [3, 3]]ST
[[1, 1], [2, 2], [2, 3], [3, 2], [3, 3]]RSTE
[[1, 2], [2, 2], [2, 3], [3, 2], [3, 3]]
[[1, 1], [1, 2], [2, 2], [2, 3], [3, 2], [3, 3]]R
[[1, 3], [2, 2], [2, 3], [3, 2], [3, 3]]
[[1, 1], [1, 3], [2, 2], [2, 3], [3, 2], [3, 3]]R
[[1, 2], [1, 3], [2, 2], [2, 3], [3, 2], [3, 3]]T
[[1, 1], [1, 2], [1, 3], [2, 2], [2, 3], [3, 2], [3, 3]]RT
[[2, 1], [2, 2], [2, 3], [3, 2], [3, 3]]
[[1, 1], [2, 1], [2, 2], [2, 3], [3, 2], [3, 3]]R
[[1, 2], [2, 1], [2, 2], [2, 3], [3, 2], [3, 3]]S
[[1, 1], [1, 2], [2, 1], [2, 2], [2, 3], [3, 2], [3, 3]]RS
[[1, 3], [2, 1], [2, 2], [2, 3], [3, 2], [3, 3]]
[[1, 1], [1, 3], [2, 1], [2, 2], [2, 3], [3, 2], [3, 3]]R
[[1, 2], [1, 3], [2, 1], [2, 2], [2, 3], [3, 2], [3, 3]]
[[1, 1], [1, 2], [1, 3], [2, 1], [2, 2], [2, 3], [3, 2], [3, 3]]R
[[3, 1], [3, 2], [3, 3]]TAs
[[1, 1], [3, 1], [3, 2], [3, 3]]TAs
[[1, 2], [3, 1], [3, 2], [3, 3]]TAs
[[1, 1], [1, 2], [3, 1], [3, 2], [3, 3]]TAs
[[1, 3], [3, 1], [3, 2], [3, 3]]
[[1, 1], [1, 3], [3, 1], [3, 2], [3, 3]]
[[1, 2], [1, 3], [3, 1], [3, 2], [3, 3]]
[[1, 1], [1, 2], [1, 3], [3, 1], [3, 2], [3, 3]]T
[[2, 1], [3, 1], [3, 2], [3, 3]]TAs
[[1, 1], [2, 1], [3, 1], [3, 2], [3, 3]]TAs
[[1, 2], [2, 1], [3, 1], [3, 2], [3, 3]]
[[1, 1], [1, 2], [2, 1], [3, 1], [3, 2], [3, 3]]
[[1, 3], [2, 1], [3, 1], [3, 2], [3, 3]]
[[1, 1], [1, 3], [2, 1], [3, 1], [3, 2], [3, 3]]
[[1, 2], [1, 3], [2, 1], [3, 1], [3, 2], [3, 3]]
[[1, 1], [1, 2], [1, 3], [2, 1], [3, 1], [3, 2], [3, 3]]
[[2, 2], [3, 1], [3, 2], [3, 3]]TAs
[[1, 1], [2, 2], [3, 1], [3, 2], [3, 3]]RTAs
[[1, 2], [2, 2], [3, 1], [3, 2], [3, 3]]TAs
[[1, 1], [1, 2], [2, 2], [3, 1], [3, 2], [3, 3]]RTAs
[[1, 3], [2, 2], [3, 1], [3, 2], [3, 3]]
[[1, 1], [1, 3], [2, 2], [3, 1], [3, 2], [3, 3]]R
[[1, 2], [1, 3], [2, 2], [3, 1], [3, 2], [3, 3]]
[[1, 1], [1, 2], [1, 3], [2, 2], [3, 1], [3, 2], [3, 3]]RT
[[2, 1], [2, 2], [3, 1], [3, 2], [3, 3]]TAs
[[1, 1], [2, 1], [2, 2], [3, 1], [3, 2], [3, 3]]RTAs
[[1, 2], [2, 1], [2, 2], [3, 1], [3, 2], [3, 3]]
[[1, 1], [1, 2], [2, 1], [2, 2], [3, 1], [3, 2], [3, 3]]RT
[[1, 3], [2, 1], [2, 2], [3, 1], [3, 2], [3, 3]]
[[1, 1], [1, 3], [2, 1], [2, 2], [3, 1], [3, 2], [3, 3]]R
[[1, 2], [1, 3], [2, 1], [2, 2], [3, 1], [3, 2], [3, 3]]
[[1, 1], [1, 2], [1, 3], [2, 1], [2, 2], [3, 1], [3, 2], [3, 3]]R
[[2, 3], [3, 1], [3, 2], [3, 3]]
[[1, 1], [2, 3], [3, 1], [3, 2], [3, 3]]
[[1, 2], [2, 3], [3, 1], [3, 2], [3, 3]]
[[1, 1], [1, 2], [2, 3], [3, 1], [3, 2], [3, 3]]
[[1, 3], [2, 3], [3, 1], [3, 2], [3, 3]]S
[[1, 1], [1, 3], [2, 3], [3, 1], [3, 2], [3, 3]]S
[[1, 2], [1, 3], [2, 3], [3, 1], [3, 2], [3, 3]]
[[1, 1], [1, 2], [1, 3], [2, 3], [3, 1], [3, 2], [3, 3]]
[[2, 1], [2, 3], [3, 1], [3, 2], [3, 3]]
[[1, 1], [2, 1], [2, 3], [3, 1], [3, 2], [3, 3]]
[[1, 2], [2, 1], [2, 3], [3, 1], [3, 2], [3, 3]]
[[1, 1], [1, 2], [2, 1], [2, 3], [3, 1], [3, 2], [3, 3]]
[[1, 3], [2, 1], [2, 3], [3, 1], [3, 2], [3, 3]]
[[1, 1], [1, 3], [2, 1], [2, 3], [3, 1], [3, 2], [3, 3]]
[[1, 2], [1, 3], [2, 1], [2, 3], [3, 1], [3, 2], [3, 3]]S
[[1, 1], [1, 2], [1, 3], [2, 1], [2, 3], [3, 1], [3, 2], [3, 3]]S
[[2, 2], [2, 3], [3, 1], [3, 2], [3, 3]]
[[1, 1], [2, 2], [2, 3], [3, 1], [3, 2], [3, 3]]R
[[1, 2], [2, 2], [2, 3], [3, 1], [3, 2], [3, 3]]
[[1, 1], [1, 2], [2, 2], [2, 3], [3, 1], [3, 2], [3, 3]]R
[[1, 3], [2, 2], [2, 3], [3, 1], [3, 2], [3, 3]]S
[[1, 1], [1, 3], [2, 2], [2, 3], [3, 1], [3, 2], [3, 3]]RS
[[1, 2], [1, 3], [2, 2], [2, 3], [3, 1], [3, 2], [3, 3]]
[[1, 1], [1, 2], [1, 3], [2, 2], [2, 3], [3, 1], [3, 2], [3, 3]]R
[[2, 1], [2, 2], [2, 3], [3, 1], [3, 2], [3, 3]]T
[[1, 1], [2, 1], [2, 2], [2, 3], [3, 1], [3, 2], [3, 3]]RT
[[1, 2], [2, 1], [2, 2], [2, 3], [3, 1], [3, 2], [3, 3]]
[[1, 1], [1, 2], [2, 1], [2, 2], [2, 3], [3, 1], [3, 2], [3, 3]]R
[[1, 3], [2, 1], [2, 2], [2, 3], [3, 1], [3, 2], [3, 3]]
[[1, 1], [1, 3], [2, 1], [2, 2], [2, 3], [3, 1], [3, 2], [3, 3]]R
[[1, 2], [1, 3], [2, 1], [2, 2], [2, 3], [3, 1], [3, 2], [3, 3]]S
[[1, 1], [1, 2], [1, 3], [2, 1], [2, 2], [2, 3], [3, 1], [3, 2], [3, 3]]RSTE
